.Random.seed <-
c(403L, 10L, -1841417125L, 1846185066L, -57846516L, -1002424497L, 
1803658245L, 1002330812L, -1893078126L, 325314701L, -715297081L, 
-1492654162L, -952536568L, 1611494923L, 2128920297L, -1977034312L, 
1726846566L, 1202811649L, 1313060243L, -1048949182L, -1293536780L, 
601574391L, 541454317L, 736237700L, -1289060694L, 466252821L, 
-839916369L, 1073310390L, 574400736L, -2064411613L, -1575679167L, 
958305840L, -980310962L, 1598057657L, -134747957L, -929696390L, 
-1737586564L, 341040319L, -1116661355L, -609619540L, -277789822L, 
332441949L, 674080855L, -772874434L, 1509902200L, 1233366107L, 
-1838883911L, -745149944L, 928739510L, -666720271L, -1448562141L, 
1927871090L, -838582076L, -686963065L, -290914723L, -886251436L, 
1923465850L, 16374213L, 1377905439L, 48629414L, 130619440L, -70530349L, 
1638097137L, -1869689824L, 947231422L, -762630455L, 1645948027L, 
-281755062L, -1407732052L, -1910230609L, 2094176613L, 1827768092L, 
-736720014L, -1720096787L, 775276583L, -1688580018L, -1835920216L, 
-1221109077L, 636661705L, 1104757720L, 989078150L, 1557459809L, 
-439585037L, -751605406L, -335079468L, 582312663L, 1699981517L, 
-1444667292L, -669479350L, -794469451L, 506160911L, -996166634L, 
433462976L, 1955661955L, -660527967L, 805587600L, 1721071982L, 
952358681L, -939177045L, -2072897126L, 615005532L, 150688863L, 
36211765L, -791734324L, -820460766L, -221201027L, 1782009463L, 
949974942L, 383735384L, -23969861L, 1629213017L, 1472056040L, 
1063818006L, -125004655L, 507038019L, -1040858030L, 1421367012L, 
-1872752345L, -471481987L, 1687718004L, 2137680474L, 583673509L, 
-358878017L, -32520378L, -1097636400L, -635160589L, -1047261423L, 
-1935782080L, 1889482526L, -1862457367L, 610880795L, -311908566L, 
-1040566196L, 1744801807L, -687547579L, 1257098492L, -1470022830L, 
1262476493L, -625566585L, -164026514L, -11183800L, 1832754507L, 
1090338985L, -1377738248L, 2017874214L, -390294975L, 828988371L, 
2068523394L, 434101684L, -655824585L, 1818295341L, -2016483004L, 
103374442L, -387524395L, -262982033L, -888003722L, -2009607008L, 
-782054045L, -761078271L, 1177918832L, -2070381298L, 2133278585L, 
-156025077L, -1592508358L, -826421444L, 1680190591L, -818528299L, 
-1945603604L, -298400958L, 1818381469L, 738833687L, 414911614L, 
115516472L, 820577051L, 1794992249L, 924741832L, 1460623606L, 
922183985L, -235118237L, 1420849970L, 1462697092L, -17610553L, 
1175548829L, 1885370132L, -1774768710L, -962065403L, -1050500641L, 
-1244961690L, -1854462992L, -1640866541L, -630242639L, -80253600L, 
-1684233474L, 253435529L, -1040725573L, 101806986L, -828597652L, 
216519663L, 2084805669L, 850609372L, -541467982L, -1645970003L, 
1029882215L, 1174625934L, 1562756968L, 2107473771L, -447780599L, 
-280952936L, 1042286278L, -993897439L, -1777696589L, -1651320286L, 
-1783079916L, 1010389143L, -1871699315L, -607292508L, 614600074L, 
1429289461L, 257348687L, 77468502L, 554043904L, 1499685699L, 
-1562680607L, -565202864L, -896266066L, -733379495L, 2133881963L, 
1700542938L, -336854372L, -2666414L, -184505216L, -250026156L, 
806277096L, 820970234L, -542947504L, -26008532L, -127379084L, 
-507507054L, 1043341920L, -403877748L, -1960734368L, 698767586L, 
1064021160L, 828761804L, -1474487812L, 897276850L, 1723704304L, 
-2082483772L, -2126967464L, 6185338L, -670076496L, -752776772L, 
-1091289516L, -256845374L, -566336736L, 1714762684L, 235548752L, 
-388768798L, -1436123288L, -275073204L, -1952477444L, -523331854L, 
322354432L, -812479372L, -2007970296L, -1098267206L, 788854224L, 
-2081409044L, -505820268L, 1914390738L, 1866196064L, 1845529932L, 
-809069792L, -2089862526L, 1756561896L, 576437228L, 1713012284L, 
-1872484750L, -1421104272L, -335684316L, 2109913656L, -966200934L, 
541388240L, 1289029052L, -607490412L, 34923138L, -1543316032L, 
1515009852L, 713699984L, 39384866L, 1720137224L, 1203405580L, 
2102657948L, 1495833618L, 251587456L, -1029203180L, 338851112L, 
2052599866L, -990166064L, -2030437780L, 65784884L, 2130227346L, 
504183136L, -497656500L, 552359392L, 2049825698L, -879404120L, 
1775197324L, -1345834052L, -908319630L, 1710770160L, -1594219452L, 
-1907537832L, 646021178L, 1421527152L, -865436100L, 790325012L, 
1340345026L, 1693209312L, 949716092L, -618279728L, -1010707550L, 
-113308120L, 2013135116L, -2126182468L, -1519996622L, 2048448704L, 
532025908L, -552609080L, 1331200698L, 197151888L, -1110964500L, 
2061489748L, 1331324562L, -839538912L, 2094200780L, 1479043296L, 
512904898L, -211823576L, 1384913836L, 36227772L, 380166642L, 
248505904L, 2114516900L, 1099547064L, -847766694L, -1892510576L, 
72620924L, -1238950124L, -123478718L, 1008668416L, -675103812L, 
1584013136L, -564731614L, 385002056L, 353572876L, 1463946332L, 
591335890L, 1808242176L, -582471340L, -1326931736L, -1074671366L, 
-629709104L, -667924180L, -1800374028L, -241734254L, 1538296160L, 
-946698228L, -623760672L, 288039522L, 982891176L, 1860287052L, 
660719484L, 2058439986L, -1370020240L, 1621113668L, 1895188440L, 
537911162L, 1676144176L, 1742084028L, 1273861716L, -1758934974L, 
977617056L, -1924452676L, 2139736528L, -682646686L, -724352280L, 
-599441204L, -2061450756L, -567940622L, 951138944L, -429230604L, 
-651581816L, -2142003398L, 192791376L, -341068692L, -2143733356L, 
385770578L, -1628722720L, 557612236L, -1098011488L, 1953289602L, 
-247258904L, 37682924L, -1951101636L, -913802126L, -96542608L, 
2130311204L, 384904248L, 1619228442L, -121127728L, -606709956L, 
351098772L, -1396421758L, 506376640L, -355611076L, 1203053968L, 
-758913502L, 2031197448L, -980023668L, -1421682916L, -146366318L, 
-1467446912L, -462954988L, -1480028376L, 558780986L, -299936304L, 
-581367444L, 138748852L, 244844562L, -91705888L, 1696301004L, 
-1767120672L, -154609630L, 1318797608L, 957201932L, 386129724L, 
-2131051534L, 137931504L, -140925372L, -334863784L, -64856262L, 
1860318704L, 1051922108L, -1278813932L, 1234320066L, -942961568L, 
653374332L, -282261552L, -1441332958L, 389597864L, -145460340L, 
377170108L, 570582834L, -1019573696L, -1889229644L, 2128279173L, 
-1590083633L, 435465928L, 2118731622L, -266191469L, -1533698315L, 
719666898L, -1732564704L, 244418825L, 984882747L, 799675276L, 
-345394662L, -1750764913L, 179559897L, -437534098L, -690892292L, 
-732445843L, 1413557527L, 1823492320L, -159322434L, -1392313205L, 
-2098365683L, 1180830522L, -1561631880L, 331133217L, -752428589L, 
-972912396L, 1486899586L, 962485271L, -1480414495L, 399373350L, 
-948678364L, 182325717L, 1308773759L, 1384133656L, -1414702282L, 
543415747L, 1421669381L, 918474658L, -279917680L, -1280651463L, 
73972715L, -98521892L, -1511361270L, 1772747775L, 1091288649L, 
-249648162L, 878252940L, 858542941L, -560491673L, 985430160L, 
332048046L, 2112406363L, 2018431805L, -1852909142L, -1143491000L, 
-807827855L, -429951005L, -1819442460L, 939448850L, -1245803033L, 
420649393L, -365875210L, 1824846356L, -1627554523L, 146083375L, 
280034280L, 35425478L, -2089961101L, -1569652267L, 2078758322L, 
1738582912L, -1414910103L, 969679835L, 1172704044L, 610555194L, 
-353850385L, -964133255L, -774633202L, -1959143204L, 450481997L, 
1942306487L, 509291584L, -731192034L, -581861397L, 653476717L, 
426971610L, 1589922712L, -412519935L, 529228723L, -505052460L, 
-2014419998L, 217822839L, -1984974911L, -1291465402L, -1801003900L, 
1220436533L, 2043849247L, -982717064L, -771199914L, -599691037L, 
964286117L, 23763778L, 1104769328L, -1804940967L, -227751221L, 
-1014582468L, 2100108138L, -664831585L, -204574679L, -160314690L, 
2003602348L, -1348093699L, 1436791879L, -278572240L, 785208398L, 
2131703931L, -325485603L, -1501683190L, -1821882584L, 1642846609L, 
1293836163L, 292361348L, 724619954L, 1666385415L, 852690513L, 
-589906474L, 1678938292L, -161821499L, 1144720911L, 491587208L, 
-1235522650L, 1818469203L, -953848651L, 1856408082L, -1256798240L, 
1104206409L, 1159254139L, 1827307852L, -1920789286L, -2108533553L, 
272072857L, -1394139986L, 1355262396L, -786460115L, -589044265L, 
-167793632L, 1182568830L, -373473461L, 265979213L, -1979724934L, 
